"anfang","ende","diaet","geschlecht"
"1",67.5,66,1,1
"2",68.8,64.9,1,1
"3",72.4,64.5,1,NA
"4",66.5,65.7,1,1
"5",68.4,64.3,1,1
"6",67.4,64.1,1,1
"7",64.7,61.4,1,1
"8",66.9,64.9,1,1
"9",67.4,66.4,1,1
"10",69,63.4,1,1
"11",69.4,62.2,NA,1
"12",73.7,68.8,1,1
"13",68.4,65.1,1,1
"14",65.8,NA,1,1
"15",82.1,76.2,1,2
"16",83.1,77.9,1,2
"17",81.1,71.5,1,2
"18",83.5,80.3,1,2
"19",80,75.3,1,2
"20",76.4,71.5,1,2
"21",82.6,76.9,1,2
"22",81.6,79,1,2
"23",80.3,75.9,1,2
"24",76.5,76.9,1,2
"25",NA,78.8,1,2
"26",74.8,76.7,1,2
"27",81.9,76.5,1,2
"28",82.2,74.9,1,2
"29",68.8,66.6,2,1
"30",61.2,63.4,2,1
"31",63.6,63.2,2,1
"32",67.9,65.2,NA,1
"33",66.9,62.9,2,1
"34",66.5,63.2,2,1
"35",63.6,61.8,2,1
"36",66.5,62.7,2,1
"37",63.1,58.5,2,1
"38",67.4,64.1,2,1
"39",62.1,60.5,2,1
"40",65.1,61.4,2,1
"41",65,61,2,1
"42",60.8,59.9,2,1
"43",76.3,70.8,2,2
"44",77.9,70.4,2,2
"45",76.7,71.7,2,2
"46",77.1,75.4,2,2
"47",76.4,72.4,2,2
"48",79.1,69.1,2,2
"49",76.5,75.1,2,2
"50",76.6,74,2,2
"51",NA,73.1,2,2
"52",73.2,73.3,2,2
"53",76,74.6,2,2
"54",75.5,74.3,2,2
"55",79,70.8,2,2
"56",76.8,71.8,2,2
"57",69.7,62,3,1
"58",67.1,60.9,3,1
"59",67.9,65.8,3,1
"60",NA,61.8,3,1
"61",65.8,58.6,3,1
"62",67,62.1,3,1
"63",71.2,NA,3,1
"64",69,64,3,1
"65",72.9,63.9,NA,1
"66",68.6,61.1,3,1
"67",65.5,NA,3,1
"68",69.1,61.4,3,1
"69",68,65,3,1
"70",71.1,65.4,3,1
"71",80.3,76.2,3,2
"72",81.5,77.7,3,2
"73",78.1,76.8,3,NA
"74",77.4,76.1,3,2
"75",80,74.4,3,2
"76",NA,77.9,3,2
"77",NA,80.3,3,2
"78",78.1,74.1,3,2
"79",81.2,75.3,3,2
"80",NA,78.9,3,2
"81",NA,79.1,3,2
"82",79.3,78.7,3,2
"83",79.4,75.3,3,2
"84",80.6,76.5,3,2
